,JAN,FEB,MAR,APR,MAY,JUN,JUL,AUG,SEP,OCT,NOV,DEC
2000,66,92,62,56,65,90,67,34,71,48,33,55
2001,70,31,59,93,64,30,84,44,57,30,50,40
2002,30,45,95,64,30,50,85,99,55,41,72,43
2003,91,97,89,87,48,62,36,35,47,45,86,78
2004,94,42,84,74,77,55,40,35,31,64,35,54
2005,71,60,84,68,44,60,65,49,59,56,77,73
2006,51,91,60,44,95,70,66,31,44,73,91,73
2007,90,45,67,87,96,39,88,52,66,90,88,34
2008,69,81,94,59,95,76,79,71,61,66,92,40
2009,45,47,96,41,52,37,52,86,78,46,88,89
2010,35,68,55,56,73,98,59,86,33,35,48,77
2011,81,66,73,67,95,62,57,36,95,97,49,79
2012,78,35,45,37,52,38,45,93,54,75,45,85
2013,44,78,32,43,56,52,40,78,66,38,40,65
2014,45,52,38,96,50,75,64,38,50,97,39,83
2015,53,49,93,90,67,42,76,70,49,82,62,64
2016,51,97,59,87,92,68,42,60,78,67,61,82
2017,35,66,36,43,96,81,78,42,77,57,43,45
2018,51,43,99,30,98,53,34,32,45,76,37,74
2019,72,32,93,64,89,45,99,86,69,53,75,34
